12 12
91601.8 97273.8 75978.6 -436.2 73091.4 103563.8 91597 116933.4 122336.6 139069 91597 108242.2
144839.8 150511.8 129216.6 52801.8 126329.4 156801.8 144835 170171.4 175574.6 192307 144835 161480.2
335876.8 341548.8 129216.6 243838.8 317366.4 347838.8 335872 361208.4 366611.6 383344 335872 352517.2
152057.8 157729.8 136434.6 60019.8 133547.4 164019.8 152053 177389.4 182792.6 199525 152053 168698.2
75876.8 81548.8 60253.6 -16161.2 57366.4 87838.8 75872 101208.4 106611.6 123344 75872 92517.2
105793.8 111465.8 90170.6 13755.8 87283.4 117755.8 105789 131125.4 136528.6 153261 105789 122434.2
42452.8 48124.8 26829.6 -49585.2 23942.4 54414.8 42448 67784.4 73187.6 89920 42448 59093.2
28944.8 34616.8 13321.6 -63093.2 10434.4 40906.8 28940 54276.4 59679.6 76412 28940 45585.2
-12886.2 -7214.2 -28509.4 -104924.2 -31396.6 -924.2 -12891 12445.4 17848.6 34581 -12891 3754.2
105793.8 111465.8 90170.6 13755.8 87283.4 117755.8 105789 131125.4 136528.6 153261 105789 122434.2
64180.8 69852.8 48557.6 -27857.2 45670.4 76142.8 64176 89512.4 94915.6 111648 64176 80821.2
155810.8 161482.8 140187.6 63772.8 137300.4 167772.8 155806 181142.4 186545.6 203278 155806 172451.2