12 12
74008.5 81088 54463 -41047 50897 88980 74012 105696.5 112453.5 133360 74012 94828.5
127258.5 134338 107713 12203 104147 142230 127262 158946.5 165703.5 186610 127262 148078.5
318278.5 325358 107713 203223 295167 333250 318282 349966.5 356723.5 377630 318282 339098.5
134390.5 141470 114845 19335 111279 149362 134394 166078.5 172835.5 193742 134394 155210.5
58224.5 65304 38679 -56831 35113 73196 58228 89912.5 96669.5 117576 58228 79044.5
88160.5 95240 68615 -26895 65049 103132 88164 119848.5 126605.5 147512 88164 108980.5
24791.5 31871 5246 -90264 1680 39763 24795 56479.5 63236.5 84143 24795 45611.5
11277.5 18357 -8268 -103778 -11834 26249 11281 42965.5 49722.5 70629 11281 32097.5
-30535.5 -23456 -50081 -145591 -53647 -15564 -30532 1152.5 7909.5 28816 -30532 -9715.5
88160.5 95240 68615 -26895 65049 103132 88164 119848.5 126605.5 147512 88164 108980.5
46527.5 53607 26982 -68528 23416 61499 46531 78215.5 84972.5 105879 46531 67347.5
138192.5 145272 118647 23137 115081 153164 138196 169880.5 176637.5 197544 138196 159012.5